
=============== 

sst-pretrain-10-0.001-sst

train metric: [0.38494850187265917, 0.40004681647940077, 0.3716058052434457, 0.4088249063670412, 0.3431647940074906, 0.3450374531835206, 0.4202949438202247, 0.44206460674157305, 0.3360252808988764, 0.43761704119850187]

dev metric: [0.36966394187102636, 0.3823796548592189, 0.35603996366939145, 0.3678474114441417, 0.3242506811989101, 0.3260672116257947, 0.3905540417801998, 0.4141689373297003, 0.3151680290644868, 0.3996366939146231]

===============

===============

quora-pretrain-10-0.001-quora

train metric: [0.670857538622454, 0.6796209133698002, 0.690603400754781, 0.6822287240809057, 0.6869920422903504, 0.7013385348202802, 0.6943419694978021, 0.6333093047251551, 0.7010629125500007, 0.7081866881510692]

dev metric: [0.6680684741737581, 0.6699485454185632, 0.6827132396596082, 0.6769245992479715, 0.6810310706510984, 0.6990401741539679, 0.6888976845438354, 0.6270532357015635, 0.6929052048288146, 0.7023550366119137]

===============

===============

sts-pretrain-10-0.001-sts

train metric: [0.28642027737149306, 0.29812424661986114, 0.32040106604992585, 0.3297794851455665, 0.32061575110597534, 0.34423908558248223, 0.3317193636040001, 0.3492453321786456, 0.3516394100641378, 0.32438579253931354]

dev metric: [0.26018441605181686, 0.25561298515835257, 0.27272241253766316, 0.27290871370043124, 0.23893088618042246, 0.2786162963310672, 0.25075153026283853, 0.2841081749234896, 0.28375345307530303, 0.2619971590082512]

===============

===============

cfimdb-pretrain-10-0.001-cfimdb

train metric: [0.5805506736965437, 0.6906854130052724, 0.7299355594610427, 0.7498535442296427, 0.7123608670181605, 0.7328646748681898, 0.7709431751611013, 0.7252489748096075, 0.7984768599882835, 0.7439953134153485]

dev metric: [0.5836734693877551, 0.673469387755102, 0.726530612244898, 0.7428571428571429, 0.726530612244898, 0.7387755102040816, 0.7836734693877551, 0.726530612244898, 0.8122448979591836, 0.6816326530612244]

===============

=============== SMART

sst-pretrain-10-0.001-sst

train metric: [0.39712078651685395, 0.3137874531835206, 0.374063670411985, 0.30582865168539325, 0.42567883895131087, 0.42158239700374533, 0.3792134831460674, 0.445809925093633, 0.4413623595505618, 0.43000936329588013]

dev metric: [0.38056312443233425, 0.3315168029064487, 0.36330608537693004, 0.2997275204359673, 0.4014532243415077, 0.3932788374205268, 0.36966394187102636, 0.3905540417801998, 0.4250681198910082, 0.407811080835604]

===============

=============== SMART

sts-pretrain-10-0.001-sts

train metric: [0.28246295026227675, 0.2651228681282506, 0.31924418404048027, 0.3296750201954049, 0.3306270684455998, 0.3364049850977856, 0.34142452878874896, 0.344403383793117, 0.34134679665823564, 0.3448260438629288]

dev metric: [0.24810791470295412, 0.21518180914848298, 0.2814303940240941, 0.27776319462003485, 0.28575309557198525, 0.2721239862978488, 0.28050144818663636, 0.2706403230929327, 0.2755631519177707, 0.2615761870959363]

===============

=============== SMART

cfimdb-pretrain-10-0.001-cfimdb

train metric: [0.5553602811950791, 0.7199765670767428, 0.7147041593438781, 0.5951962507322789, 0.7100175746924429, 0.7709431751611013, 0.7926186291739895, 0.7814879906268307, 0.7744581136496778, 0.8183948447568834]

dev metric: [0.5469387755102041, 0.6979591836734694, 0.6775510204081633, 0.5836734693877551, 0.6775510204081633, 0.7918367346938775, 0.7918367346938775, 0.7387755102040816, 0.7877551020408163, 0.7755102040816326]

===============

=============== 

sst-finetune-10-1e-05-sst

train metric: [0.6027621722846442, 0.8016151685393258, 0.9042602996254682, 0.9588014981273408, 0.9781132958801498, 0.9877106741573034, 0.9822097378277154, 0.9919241573033708, 0.9937968164794008, 0.9857209737827716]

dev metric: [0.49591280653950953, 0.5313351498637602, 0.5113533151680291, 0.5077202543142597, 0.4986376021798365, 0.4977293369663942, 0.51952770208901, 0.5004541326067211, 0.5131698455949137, 0.5013623978201635]

===============

===============

quora-finetune-10-1e-05-quora

train metric: [0.820174136736915, 0.9216950062898416, 0.9805297601379525, 0.9911447511625606, 0.9907277841382917, 0.9936536205458735, 0.9937313601605676, 0.9958020608065131, 0.9956677832902232, 0.995964607273601]

dev metric: [0.770878685929151, 0.7863645359192559, 0.7712744904017416, 0.7778052641994855, 0.7895309716999802, 0.7816148822481694, 0.7838907579655651, 0.7792895309717, 0.7836928557292697, 0.7802295665941025]

===============

===============

sts-finetune-10-1e-05-sts

train metric: [0.465422127075666, 0.7354545520336755, 0.8886860737710641, 0.9387051150050262, 0.9569024601672967, 0.9664766450391759, 0.9677755745247992, 0.9726442643654423, 0.9727365803511326, 0.977965471985224]

dev metric: [0.3300709067398051, 0.3690926724542079, 0.3467605776840801, 0.3359097297509517, 0.34591709270022636, 0.36041420271453, 0.3538916868748955, 0.357198113516922, 0.35903911896310803, 0.3461360330143134]

===============

===============

cfimdb-finetune-10-1e-05-cfimdb

train metric: [0.9789103690685413, 0.9947275922671354, 0.997070884592853, 0.9976567076742824, 0.9988283538371412, 0.9994141769185706, 1.0, 1.0, 1.0, 1.0]

dev metric: [0.9428571428571428, 0.9551020408163265, 0.963265306122449, 0.9551020408163265, 0.9591836734693877, 0.963265306122449, 0.9591836734693877, 0.9591836734693877, 0.9591836734693877, 0.9591836734693877]

===============

=============== SMART

sst-finetune-10-1e-05-sst

train metric: [0.5951544943820225, 0.7302200374531835, 0.7752808988764045, 0.9056647940074907, 0.9102294007490637, 0.9241573033707865, 0.9171348314606742, 0.9529494382022472, 0.9616104868913857, 0.9377340823970037]

dev metric: [0.48501362397820164, 0.48047229791099, 0.4677565849227975, 0.4913714804722979, 0.5013623978201635, 0.5031789282470481, 0.49682107175295187, 0.5040871934604905, 0.5022706630336058, 0.4913714804722979]

===============

=============== SMART

sts-finetune-10-1e-05-sts

train metric: [0.4911659356841833, 0.7564965856951272, 0.8811657916448464, 0.9287384236584948, 0.9492271116154828, 0.9555936371336388, 0.9616197965806077, 0.9676488529210451, 0.9682098887202831, 0.9717984333847662]

dev metric: [0.37099194120672, 0.37267211523116217, 0.34588439356092726, 0.3518895655312536, 0.37160066731206454, 0.37284511353791117, 0.3714256204356687, 0.379743124592684, 0.3770563915249148, 0.360275666891583]

===============

=============== SMART

cfimdb-finetune-10-1e-05-cfimdb

train metric: [0.9865260691271236, 0.9876977152899824, 0.9912126537785588, 0.994141769185706, 0.9689513766842414, 0.9982425307557118, 0.9964850615114236, 0.9964850615114236, 0.9964850615114236, 0.9982425307557118]

dev metric: [0.9469387755102041, 0.9428571428571428, 0.9510204081632653, 0.9591836734693877, 0.9346938775510204, 0.9591836734693877, 0.9510204081632653, 0.963265306122449, 0.9673469387755103, 0.9428571428571428]

===============

===============

sst-pretrain-10-0.001-sst_quora_sts

train metric: [0.43738295880149813, 0.4897003745318352, 0.4353932584269663, 0.488998127340824, 0.47191011235955055, 0.5017556179775281, 0.5012874531835206, 0.5097144194756554, 0.49157303370786515, 0.5167368913857678]

dev metric: [0.40236148955495005, 0.4268846503178928, 0.3905540417801998, 0.4296094459582198, 0.4296094459582198, 0.43142597638510444, 0.4223433242506812, 0.43869209809264303, 0.4250681198910082, 0.44141689373297005]

quora-pretrain-10-0.001-sst_quora_sts

train metric: [0.6843842315792449, 0.59490593506622, 0.7042855729409603, 0.5242830287353885, 0.6944974487271904, 0.6378040679020198, 0.6671401715925314, 0.6962289219635613, 0.7043915815064524, 0.6324046982996226]

dev metric: [0.6771225014842668, 0.5968236691074609, 0.6986443696813774, 0.5289432020581832, 0.692806253710667, 0.6389273698792797, 0.6595586780130616, 0.6914209380566, 0.6951316049871363, 0.6261132000791609]

sts-pretrain-10-0.001-sst_quora_sts

train metric: [0.3816445664017154, 0.414238194486222, 0.42211889034776184, 0.421781956348964, 0.4311445207957387, 0.4574427224797042, 0.4554674592354112, 0.4700172851577667, 0.46361229638433343, 0.4565970814627539]

dev metric: [0.28867291868298633, 0.2855711525632592, 0.2675174414142509, 0.2562492615378804, 0.25898365030601167, 0.2777495578291491, 0.2856292135474179, 0.28291418684722014, 0.26848455834410156, 0.25929019628536015]

===============

===============

sst-pretrain-10-0.001-sst_quora

train metric: [0.42193352059925093, 0.47237827715355807, 0.4619616104868914, 0.50187265917603, 0.48618913857677903, 0.49215823970037453, 0.5046816479400749, 0.5131086142322098, 0.4798689138576779, 0.4922752808988764]

dev metric: [0.3751135331516803, 0.405086285195277, 0.4159854677565849, 0.4250681198910082, 0.4196185286103542, 0.43415077202543145, 0.4405086285195277, 0.44232515894641233, 0.42779291553133514, 0.40054495912806537]

quora-pretrain-10-0.001-sst_quora

train metric: [0.6760024876676702, 0.6931052029003943, 0.6732109287763784, 0.6711472953681324, 0.696448006332245, 0.7065046855785948, 0.7039675472444841, 0.6931122701380938, 0.6871545887574383, 0.7048156157684208]

dev metric: [0.6702948743320799, 0.6866712843855135, 0.6645557094795171, 0.6673263407876509, 0.6902830001979022, 0.7012170987532159, 0.7021571343756184, 0.6908272313477142, 0.6805363150603602, 0.7013655254304374]

===============

===============

quora-pretrain-10-0.001-quora_sts

train metric: [0.6297898203508177, 0.6878471780519866, 0.6411468713338705, 0.6903772491483978, 0.6805679232215296, 0.6699175960084242, 0.5955066502706752, 0.6407864422111973, 0.641528502169642, 0.7011406521646949]

dev metric: [0.6270532357015635, 0.6842964575499703, 0.6392736987927964, 0.6814268751236889, 0.6761329903027904, 0.6603997625173165, 0.5974173758163467, 0.6348208984761528, 0.642885414605185, 0.6924599247971502]

sts-pretrain-10-0.001-quora_sts

train metric: [0.3714078006992877, 0.39127505570733445, 0.4275681907776053, 0.4355080513059019, 0.4408983823138046, 0.4186834400498303, 0.44376273328518206, 0.46705354049672143, 0.4545112088156594, 0.4745400427579911]

dev metric: [0.26896544436511793, 0.279071205243935, 0.27658980988753556, 0.28535357364970676, 0.26351833212679776, 0.23512828291456675, 0.2773708767837652, 0.2703731641120512, 0.27256052656765756, 0.2750419948271007]

===============

-------

===============

quora-pretrain-10-0.001-quora-smart

train metric: [0.6658822032820252, 0.6305884182108581, 0.632948875602482, 0.6502070700645946, 0.6986741862075789, 0.694879079562962, 0.6866810838315736, 0.6075845594990742, 0.7083704363312555, 0.6783064071576983]

dev metric: [0.6612903225806451, 0.6246784088660202, 0.6267563823471205, 0.6417969523055611, 0.692509400356224, 0.6832079952503464, 0.6825648129823867, 0.6126063724520087, 0.7022560854937661, 0.6713338610726302]

===============

===============

quora-finetune-10-1e-05-quora-smart

train metric: [0.8123012339397023, 0.8467257487738342, 0.9486777198264287, 0.9590170885807573, 0.9724872436359524, 0.9657663005837538, 0.9791657832619542, 0.9780915631316344, 0.9779855545661422, 0.9831729070375553]

dev metric: [0.7709281614882249, 0.7723134771422917, 0.7903225806451613, 0.7924005541262616, 0.7914110429447853, 0.7967049277656838, 0.7858697803285177, 0.7831486245794578, 0.7932416386305166, 0.7968533544429052]

===============

===============

sst-pretrain-10-0.001-sst_quora_sts-smart

train metric: [0.43773408239700373, 0.4758895131086142, 0.42696629213483145, 0.4863061797752809, 0.4481507490636704, 0.4755383895131086, 0.45704588014981273, 0.5040964419475655, 0.48010299625468167, 0.5107677902621723]

dev metric: [0.4187102633969119, 0.43415077202543145, 0.3723887375113533, 0.4150772025431426, 0.4323342415985468, 0.4178019981834696, 0.3960036330608538, 0.43142597638510444, 0.4214350590372389, 0.4477747502270663]

quora-pretrain-10-0.001-sst_quora_sts-smart

train metric: [0.6618609450310252, 0.6699387977215225, 0.6367651839601973, 0.692681168638426, 0.6866033442168794, 0.695522198193614, 0.5067845481914939, 0.6546876987660603, 0.658390931320584, 0.7094517236992749]

dev metric: [0.6515931130021769, 0.6662873540471007, 0.6305165248367307, 0.6906293291114189, 0.6833564219275677, 0.6911240847021571, 0.5107361963190185, 0.6479319216307144, 0.6586681179497328, 0.7032455966752424]

sts-pretrain-10-0.001-sst_quora_sts-smart

train metric: [0.36265906196543146, 0.4115804069933744, 0.4239810327707461, 0.42288012140790954, 0.4390728234267675, 0.4558970917397551, 0.4569732886753412, 0.4624432851537242, 0.46570870369183587, 0.4612987279572386]

dev metric: [0.29442383881285455, 0.2805993211865665, 0.2629827026441691, 0.25023496570877396, 0.26480167202869404, 0.2683893695878639, 0.2827319184666136, 0.27524358914335423, 0.2707586256209644, 0.2573914001931913]

===============

===============

sst-pretrain-10-0.001-sst_quora-smart

train metric: [0.46254681647940077, 0.4726123595505618, 0.46652621722846443, 0.4991807116104869, 0.5030430711610487, 0.47881554307116103, 0.5070224719101124, 0.5150983146067416, 0.48864700374531833, 0.5032771535580525]

dev metric: [0.4232515894641235, 0.4114441416893733, 0.42779291553133514, 0.43778383287920075, 0.4332425068119891, 0.4196185286103542, 0.44323342415985467, 0.4396003633060854, 0.4332425068119891, 0.4123524069028156]

quora-pretrain-10-0.001-sst_quora-smart

train metric: [0.6925539583598355, 0.6607160525237106, 0.6533873270293573, 0.687882514240484, 0.7044410521703487, 0.6961229133980692, 0.6498961116058177, 0.6909567626397546, 0.6387652122291481, 0.703176016622143]

dev metric: [0.6887987334256878, 0.6578765090045517, 0.6446170591727687, 0.6815258262418366, 0.694389471601029, 0.6860775776766277, 0.6427864634870374, 0.681921630714427, 0.6329408272313477, 0.6944884227191768]

===============

===============

quora-pretrain-10-0.001-quora_sts-smart

train metric: [0.6608008593761042, 0.6327792618976946, 0.6932324131789849, 0.6735713578990515, 0.6673097852973187, 0.7021654016311185, 0.6724618015802344, 0.6980593365277248, 0.6732321304894768, 0.6886881793382239]

dev metric: [0.6510983574114387, 0.626607955669899, 0.6841975064318226, 0.6712843855135563, 0.6587670690678805, 0.6943399960419553, 0.6649515139521076, 0.6922620225608549, 0.6631209182663764, 0.677320403720562]

sts-pretrain-10-0.001-quora_sts-smart

train metric: [0.3717850527324124, 0.3890270123188842, 0.4269918795784584, 0.43080431513885725, 0.4391333462343624, 0.41561058508653254, 0.4411850663212536, 0.46137828478000453, 0.43981633991750163, 0.47183669931075883]

dev metric: [0.2919970694518, 0.27740828105112764, 0.27667876470876857, 0.2822758561183042, 0.2608004650466671, 0.23236905160724788, 0.27529791590129193, 0.26102800376884927, 0.2675962020245721, 0.27176574707258994]

===============

===============

sst-finetune-10-1e-05-sst_quora_sts

train metric: [0.989934456928839, 0.9998829588014981, 1.0, 1.0, 1.0, 0.9998829588014981, 1.0, 1.0, 0.9998829588014981, 1.0]

dev metric: [0.4950045413260672, 0.49318801089918257, 0.48138056312443234, 0.49227974568574023, 0.485921889191644, 0.47229791099000906, 0.4713896457765668, 0.4768392370572207, 0.48319709355131696, 0.4895549500454133]

quora-finetune-10-1e-05-sst_quora_sts

train metric: [0.7798272767106249, 0.869651867870924, 0.9480204667203777, 0.9834273275947363, 0.9892648659345008, 0.989088184992014, 0.9911023477363637, 0.9943108736519244, 0.9913779700066432, 0.993632418832775]

dev metric: [0.7533643380170196, 0.7850286958242628, 0.7884919849594301, 0.7675143479121314, 0.7768157530180091, 0.7887888383138729, 0.784434989115377, 0.779833762121512, 0.7869582426281417, 0.7697407480704532]

sts-finetune-10-1e-05-sst_quora_sts

train metric: [0.979907609715542, 0.9940530044335549, 0.9968255836279919, 0.9971541302705044, 0.9970198960318639, 0.9980925904997622, 0.9979645342828529, 0.9975665367070584, 0.9979712462807168, 0.9982642414299133]

dev metric: [0.38479162836277986, 0.4030667908488299, 0.3955271365442852, 0.38036095503653455, 0.38471217249109874, 0.36882999336759875, 0.37029187654494233, 0.3863553346801509, 0.3962819324861517, 0.3922014190053009]

===============

===============

sst-finetune-10-1e-05-sst_quora

train metric: [0.9957865168539326, 0.9994147940074907, 0.9998829588014981, 1.0, 1.0, 0.9984784644194756, 0.9997659176029963, 1.0, 1.0, 0.9994147940074907]

dev metric: [0.5040871934604905, 0.508628519527702, 0.5059037238873751, 0.5068119891008175, 0.48864668483197093, 0.4913714804722979, 0.4904632152588556, 0.4940962761126249, 0.4904632152588556, 0.49954586739327883]

quora-finetune-10-1e-05-sst_quora

train metric: [0.7895871319735968, 0.8613831997625409, 0.960388132694455, 0.9860139365927434, 0.9891447228936098, 0.9928479554481335, 0.9914910458098347, 0.9940493858570439, 0.9943391426027223, 0.9958868676589069]

dev metric: [0.7563328715614487, 0.7801800910350287, 0.7608846229962398, 0.7775084108450425, 0.7856718780922225, 0.7802295665941025, 0.7606372452008707, 0.7847318424698199, 0.7800811399168811, 0.7801306154759549]

===============

===============

quora-finetune-10-1e-05-quora_sts

train metric: [0.7902161161288499, 0.8743445137033738, 0.9707275014487837, 0.9863390295269191, 0.9917525336047153, 0.9935264102672829, 0.9875263254604305, 0.9941271254717381, 0.99571018671642, 0.9959151366097048]

dev metric: [0.7612309519097565, 0.7833960023748269, 0.7762715218681971, 0.7820601622798338, 0.772758757173956, 0.7794379576489214, 0.7563328715614487, 0.7769641796952306, 0.7845834157925985, 0.7792895309717]

sts-finetune-10-1e-05-quora_sts

train metric: [0.9785305765520221, 0.9946838970423851, 0.9980709543226258, 0.9982405652834085, 0.9983793118811586, 0.9983463870712646, 0.9971605073244681, 0.9982073021463168, 0.9983748207902923, 0.9986104624273383]

dev metric: [0.40298528839331704, 0.38689075576058873, 0.39638814320885807, 0.38149924047456585, 0.3753074641319236, 0.38399020025373015, 0.3882130187039299, 0.38643553178498896, 0.38817842305833733, 0.3829401884579361]

===============

===============

sst-finetune-10-1e-05-sst_quora_sts-smart

train metric: [0.9295411985018727, 0.9831460674157303, 0.9812734082397003, 0.994499063670412, 0.9925093632958801, 0.9960205992509363, 0.9957865168539326, 0.9923923220973783, 0.9966058052434457, 0.9971910112359551]

dev metric: [0.5122615803814714, 0.5131698455949137, 0.5013623978201635, 0.516802906448683, 0.4977293369663942, 0.5186194368755677, 0.5004541326067211, 0.49954586739327883, 0.5095367847411444, 0.5040871934604905]

quora-finetune-10-1e-05-sst_quora_sts-smart

train metric: [0.7683712843997795, 0.8258632630849906, 0.889397730003251, 0.956366874443455, 0.9604446705960509, 0.9678157995166009, 0.9625012367665974, 0.9678652701804973, 0.978473193967406, 0.9672362860252441]

dev metric: [0.751880071244805, 0.7740945972689491, 0.7811201266574312, 0.7894320205818326, 0.7906194339996042, 0.7920542252127449, 0.7956659410251335, 0.796111221056798, 0.7894320205818326, 0.7926974074807045]

sts-finetune-10-1e-05-sst_quora_sts-smart

train metric: [0.976413749186542, 0.9908002524793635, 0.994573240573597, 0.9962443570774646, 0.9958023432059467, 0.9962679172756648, 0.9961795021214854, 0.9965463008723273, 0.9971077015404515, 0.9969869808771609]

dev metric: [0.37464278258485145, 0.3996582293168197, 0.3928722046955075, 0.38770804045492996, 0.4035196142231538, 0.40083916790853147, 0.3975801879187033, 0.39530513178283316, 0.3948684943640185, 0.400351435640193]

===============

===============

sst-finetune-10-1e-05-sst_quora-smart

train metric: [0.9836142322097379, 0.9257958801498127, 0.9955524344569289, 0.9937968164794008, 0.9949672284644194, 0.9946161048689138, 0.9928604868913857, 0.9901685393258427, 0.9909878277153558, 0.9874765917602997]

dev metric: [0.5258855585831063, 0.47956403269754766, 0.49954586739327883, 0.5059037238873751, 0.5104450499545867, 0.49954586739327883, 0.5077202543142597, 0.4786557674841054, 0.5013623978201635, 0.4659400544959128]

quora-finetune-10-1e-05-sst_quora-smart

train metric: [0.774088679698653, 0.8213472981950275, 0.9277304272851913, 0.9544657875022968, 0.9570594637380033, 0.9674624376316273, 0.9605012084976466, 0.961328075308485, 0.9788548248031774, 0.9768547965342266]

dev metric: [0.7517316445675836, 0.7716208193152583, 0.7892341183455372, 0.7899267761725708, 0.7911636651494162, 0.7927468830397784, 0.7924005541262616, 0.7936869186621809, 0.7923510785671878, 0.7935384919849594]

===============

===============

quora-finetune-10-1e-05-quora_sts-smart

train metric: [0.7789509392358902, 0.837559541477618, 0.9412924564304795, 0.9524586919956466, 0.9677733960904041, 0.9649323665352161, 0.9701550551951265, 0.97520106291255, 0.9779643528530438, 0.9753070714780421]

dev metric: [0.7569760538294082, 0.7759251929546804, 0.7905699584405304, 0.7923510785671878, 0.7932911141895903, 0.7943301009301406, 0.7948743320799525, 0.7945774787255095, 0.7932416386305166, 0.7971502077973481]

sts-finetune-10-1e-05-quora_sts-smart

train metric: [0.9784649060118976, 0.993015212739618, 0.9955601988206868, 0.9968939815972829, 0.9966052947597039, 0.9969399383985862, 0.9957057881383887, 0.9972901469153088, 0.9974338791990542, 0.9971452263468381]

dev metric: [0.40284406660927347, 0.38216434139727984, 0.39567306296734434, 0.39383000288888165, 0.3948014676441491, 0.3865818317002144, 0.38806446416709833, 0.38749479827441163, 0.38275403661197893, 0.3817582643300259]

===============
